[gd_scene load_steps=5 format=2]

[ext_resource path="res://Scenes/Perspective.gd" type="Script" id=2]

[sub_resource type="SpatialMaterial" id=1]
albedo_color = Color( 0.027451, 0.537255, 0.603922, 1 )
roughness = 0.0
roughness_texture_channel = 3

[sub_resource type="CubeMesh" id=2]
material = SubResource( 1 )

[sub_resource type="BoxShape" id=3]

[node name="Cube" type="KinematicBody"]
transform = Transform( 1, 0, 0, 0, 1, 0, 0, 0, 1, 0, 1, 0 )
collision_mask = 517

[node name="target" type="Spatial" parent="."]
transform = Transform( 1, 1.78814e-07, 0, 1.49012e-08, 1, 0, -5.96046e-08, -8.9407e-08, 1, 0, 3, 0 )

[node name="Perspective" type="Camera" parent="target"]
transform = Transform( 1, -1.79085e-07, -1.12333e-08, -2.48318e-08, 0.918184, 0.396155, -1.02654e-09, -0.396155, 0.918184, 0, 0.5, 4 )
current = true
script = ExtResource( 2 )

[node name="Shape" type="MeshInstance" parent="."]
transform = Transform( 0.707107, -0.707107, 0, 0.5, 0.5, -0.707107, 0.5, 0.5, 0.707107, 0, 0.732, 0 )
mesh = SubResource( 2 )
material/0 = null

[node name="Collider" type="CollisionShape" parent="."]
transform = Transform( 0.707107, -0.707107, 0, 0.5, 0.5, -0.707107, 0.5, 0.5, 0.707107, 0, 0.732, 0 )
shape = SubResource( 3 )
